env/gebco30sec.asc
ncols        300
nrows        300
xllcorner    125.000000000000
yllcorner    -10.500000000000
cellsize     0.008333333333
NODATA_value -32768
[rows 148 to 184 of 300, columns 164 to 245 of 300]
-1347 -1347 -1347 -1348 -1356 -1377 -1392 -1407 -1422 -1434 -1442 -1446 -1451 -1461 -1469 -1476 -1487 -1499 -1509 -1517 -1526 -1533 -1539 -1544 -1547 -1551 -1554 -1557 -1565 -1576 -1587 -1599 -1615 -1631 -1646 -1660 -1675 -1690 -1703 -1714 -1724 -1733 -1738 -1738 -1738 -1739 -1746 -1760 -1784 -1810 -1832 -1836 -1831 -1834 -1837 -1830 -1813 -1795 -1785 -1785 -1791 -1803 -1820 -1841 -1862 -1882 -1904 -1906 -1883 -1861 -1847 -1838 -1839 -1848 -1858 -1867 -1875 -1883 -1888 -1892 -1893 -1895
-1357 -1357 -1355 -1349 -1344 -1369 -1393 -1408 -1428 -1442 -1450 -1454 -1457 -1468 -1475 -1478 -1490 -1503 -1514 -1522 -1531 -1541 -1547 -1552 -1557 -1565 -1570 -1575 -1584 -1598 -1611 -1624 -1642 -1660 -1677 -1691 -1707 -1721 -1734 -1745 -1755 -1763 -1766 -1762 -1757 -1752 -1754 -1764 -1785 -1810 -1830 -1836 -1834 -1836 -1838 -1834 -1823 -1812 -1807 -1809 -1818 -1832 -1851 -1874 -1896 -1918 -1940 -1944 -1924 -1904 -1891 -1886 -1888 -1896 -1904 -1913 -1920 -1926 -1929 -1930 -1929 -1929
-1368 -1370 -1370 -1365 -1360 -1384 -1408 -1427 -1444 -1456 -1465 -1469 -1474 -1482 -1488 -1493 -1502 -1514 -1524 -1533 -1542 -1552 -1560 -1566 -1573 -1581 -1588 -1595 -1606 -1621 -1637 -1652 -1670 -1689 -1706 -1719 -1735 -1749 -1761 -1773 -1783 -1791 -1792 -1786 -1776 -1766 -1761 -1765 -1782 -1805 -1822 -1830 -1832 -1834 -1837 -1836 -1831 -1827 -1826 -1831 -1842 -1857 -1877 -1900 -1923 -1943 -1964 -1971 -1959 -1945 -1935 -1932 -1936 -1944 -1952 -1961 -1967 -1971 -1973 -1972 -1970 -1968
-1380 -1387 -1391 -1391 -1384 -1412 -1434 -1451 -1465 -1476 -1484 -1488 -1491 -1499 -1505 -1507 -1514 -1527 -1537 -1544 -1555 -1566 -1575 -1580 -1588 -1599 -1607 -1615 -1628 -1646 -1663 -1679 -1698 -1715 -1732 -1746 -1761 -1774 -1785 -1797 -1807 -1816 -1817 -1807 -1796 -1782 -1772 -1770 -1782 -1801 -1815 -1824 -1829 -1834 -1837 -1840 -1840 -1840 -1843 -1851 -1862 -1878 -1898 -1922 -1944 -1962 -1983 -1992 -1987 -1979 -1975 -1976 -1983 -1992 -2001 -2010 -2017 -2020 -2020 -2018 -2014 -2011
-1394 -1406 -1419 -1433 -1450 -1456 -1468 -1481 -1491 -1500 -1507 -1512 -1516 -1522 -1526 -1530 -1536 -1546 -1556 -1563 -1573 -1584 -1593 -1600 -1609 -1620 -1630 -1640 -1654 -1671 -1690 -1708 -1726 -1744 -1759 -1771 -1783 -1794 -1804 -1815 -1826 -1836 -1836 -1826 -1813 -1799 -1787 -1783 -1789 -1801 -1812 -1822 -1829 -1836 -1841 -1846 -1851 -1854 -1860 -1869 -1880 -1895 -1913 -1935 -1957 -1977 -1996 -2007 -2009 -2009 -2011 -2018 -2028 -2039 -2051 -2061 -2068 -2071 -2070 -2067 -2062 -2058
-1407 -1425 -1443 -1466 -1492 -1492 -1498 -1511 -1519 -1526 -1532 -1538 -1541 -1547 -1551 -1553 -1558 -1569 -1577 -1584 -1593 -1605 -1614 -1621 -1631 -1643 -1654 -1664 -1679 -1697 -1716 -1736 -1755 -1773 -1787 -1795 -1803 -1811 -1819 -1828 -1839 -1850 -1851 -1840 -1827 -1812 -1801 -1795 -1797 -1806 -1814 -1824 -1833 -1841 -1849 -1856 -1864 -1870 -1878 -1887 -1897 -1909 -1924 -1943 -1964 -1985 -2008 -2022 -2028 -2035 -2044 -2056 -2071 -2087 -2101 -2113 -2121 -2124 -2123 -2119 -2113 -2108
-1418 -1437 -1457 -1479 -1499 -1509 -1519 -1532 -1543 -1550 -1558 -1565 -1569 -1574 -1579 -1582 -1587 -1595 -1603 -1610 -1618 -1629 -1639 -1647 -1657 -1668 -1679 -1691 -1706 -1724 -1744 -1764 -1785 -1803 -1814 -1818 -1821 -1825 -1830 -1836 -1846 -1857 -1858 -1849 -1837 -1823 -1813 -1807 -1808 -1814 -1822 -1832 -1842 -1851 -1860 -1870 -1881 -1889 -1898 -1906 -1915 -1923 -1932 -1945 -1965 -1987 -2010 -2027 -2040 -2056 -2074 -2093 -2114 -2134 -2151 -2166 -2175 -2179 -2178 -2174 -2168 -2161
-1426 -1447 -1467 -1491 -1516 -1523 -1535 -1551 -1565 -1574 -1583 -1593 -1599 -1604 -1608 -1611 -1616 -1624 -1631 -1637 -1645 -1656 -1666 -1674 -1684 -1694 -1706 -1718 -1733 -1750 -1770 -1791 -1813 -1832 -1841 -1840 -1838 -1838 -1840 -1844 -1851 -1858 -1859 -1853 -1843 -1833 -1825 -1821 -1822 -1827 -1835 -1846 -1858 -1868 -1879 -1890 -1902 -1912 -1921 -1929 -1936 -1942 -1946 -1953 -1968 -1988 -2005 -2024 -2046 -2074 -2104 -2131 -2158 -2183 -2203 -2220 -2231 -2235 -2235 -2231 -2225 -2217
-1433 -1451 -1471 -1489 -1506 -1526 -1544 -1563 -1581 -1594 -1607 -1620 -1628 -1634 -1639 -1644 -1649 -1656 -1662 -1668 -1676 -1686 -1695 -1704 -1713 -1723 -1733 -1745 -1759 -1775 -1794 -1815 -1839 -1859 -1866 -1862 -1855 -1852 -1853 -1855 -1859 -1863 -1862 -1858 -1851 -1843 -1837 -1836 -1838 -1844 -1853 -1865 -1878 -1890 -1902 -1915 -1928 -1939 -1948 -1955 -1963 -1969 -1971 -1973 -1984 -1999 -2009 -2027 -2058 -2098 -2140 -2174 -2205 -2234 -2257 -2276 -2288 -2293 -2293 -2289 -2282 -2274
-1440 -1457 -1475 -1492 -1509 -1531 -1553 -1573 -1594 -1612 -1629 -1644 -1655 -1663 -1670 -1677 -1683 -1689 -1695 -1701 -1708 -1717 -1726 -1735 -1744 -1752 -1760 -1770 -1782 -1795 -1813 -1834 -1859 -1881 -1889 -1882 -1874 -1869 -1868 -1869 -1870 -1870 -1869 -1865 -1860 -1853 -1850 -1852 -1857 -1864 -1874 -1889 -1905 -1919 -1932 -1945 -1957 -1967 -1975 -1983 -1994 -2004 -2009 -2011 -2019 -2030 -2033 -2050 -2088 -2136 -2186 -2225 -2259 -2289 -2314 -2334 -2346 -2351 -2351 -2347 -2340 -2332
-1448 -1464 -1482 -1496 -1509 -1538 -1563 -1585 -1610 -1631 -1651 -1670 -1683 -1692 -1701 -1710 -1717 -1723 -1728 -1734 -1741 -1749 -1758 -1767 -1775 -1780 -1784 -1791 -1800 -1811 -1827 -1847 -1870 -1892 -1902 -1899 -1893 -1888 -1885 -1884 -1883 -1882 -1879 -1876 -1871 -1867 -1867 -1872 -1880 -1890 -1902 -1919 -1938 -1955 -1969 -1981 -1991 -1997 -2005 -2016 -2032 -2051 -2063 -2072 -2083 -2093 -2094 -2112 -2151 -2199 -2250 -2288 -2321 -2349 -2373 -2392 -2403 -2408 -2407 -2403 -2396 -2387
-1459 -1478 -1494 -1509 -1527 -1554 -1579 -1603 -1628 -1651 -1673 -1693 -1708 -1720 -1731 -1742 -1749 -1756 -1762 -1767 -1773 -1780 -1789 -1798 -1804 -1807 -1805 -1807 -1813 -1823 -1838 -1857 -1877 -1896 -1909 -1912 -1910 -1906 -1903 -1901 -1899 -1896 -1893 -1890 -1887 -1885 -1888 -1895 -1906 -1919 -1934 -1954 -1977 -1997 -2013 -2025 -2031 -2034 -2042 -2059 -2082 -2109 -2133 -2154 -2174 -2188 -2191 -2211 -2249 -2289 -2331 -2363 -2391 -2414 -2434 -2450 -2460 -2463 -2462 -2457 -2449 -2439
-1473 -1494 -1512 -1524 -1547 -1575 -1599 -1622 -1648 -1672 -1695 -1717 -1734 -1747 -1759 -1772 -1782 -1789 -1795 -1799 -1803 -1809 -1817 -1826 -1832 -1831 -1823 -1819 -1823 -1834 -1849 -1868 -1886 -1905 -1919 -1925 -1926 -1925 -1923 -1920 -1917 -1913 -1910 -1908 -1907 -1906 -1911 -1922 -1935 -1950 -1969 -1993 -2020 -2045 -2064 -2076 -2081 -2082 -2091 -2113 -2143 -2180 -2216 -2252 -2288 -2319 -2343 -2368 -2391 -2410 -2430 -2448 -2465 -2481 -2496 -2509 -2516 -2518 -2515 -2509 -2500 -2488
-1491 -1516 -1539 -1559 -1579 -1601 -1624 -1646 -1670 -1694 -1716 -1738 -1755 -1772 -1787 -1802 -1814 -1823 -1828 -1830 -1831 -1834 -1841 -1849 -1854 -1850 -1839 -1832 -1835 -1848 -1865 -1884 -1902 -1920 -1934 -1943 -1946 -1946 -1944 -1942 -1938 -1934 -1931 -1931 -1931 -1933 -1939 -1952 -1967 -1985 -2007 -2035 -2067 -2097 -2120 -2134 -2138 -2140 -2152 -2178 -2215 -2260 -2308 -2361 -2415 -2469 -2526 -2556 -2554 -2543 -2534 -2534 -2540 -2547 -2556 -2565 -2570 -2568 -2564 -2556 -2546 -2533
-1509 -1539 -1570 -1602 -1613 -1629 -1648 -1669 -1693 -1716 -1737 -1758 -1777 -1795 -1813 -1831 -1846 -1856 -1862 -1861 -1856 -1855 -1860 -1866 -1871 -1867 -1855 -1846 -1850 -1867 -1887 -1907 -1925 -1942 -1956 -1965 -1969 -1970 -1969 -1967 -1963 -1958 -1957 -1958 -1960 -1963 -1971 -1985 -2002 -2022 -2046 -2077 -2114 -2151 -2180 -2195 -2197 -2201 -2217 -2248 -2290 -2342 -2399 -2464 -2531 -2602 -2687 -2720 -2694 -2657 -2624 -2611 -2607 -2607 -2612 -2618 -2619 -2615 -2608 -2599 -2589 -2574
-1526 -1558 -1592 -1629 -1639 -1654 -1672 -1692 -1714 -1736 -1758 -1778 -1798 -1817 -1836 -1857 -1876 -1889 -1896 -1892 -1878 -1872 -1873 -1877 -1881 -1881 -1875 -1871 -1878 -1897 -1918 -1938 -1956 -1972 -1985 -1994 -1998 -1999 -1998 -1996 -1993 -1988 -1988 -1991 -1994 -1998 -2007 -2022 -2040 -2060 -2084 -2116 -2158 -2199 -2234 -2251 -2252 -2258 -2279 -2316 -2362 -2417 -2478 -2548 -2615 -2683 -2767 -2797 -2765 -2722 -2683 -2668 -2662 -2658 -2659 -2664 -2663 -2655 -2647 -2637 -2625 -2609
-1543 -1573 -1604 -1630 -1653 -1674 -1693 -1715 -1736 -1758 -1779 -1798 -1817 -1835 -1855 -1878 -1901 -1921 -1932 -1925 -1904 -1891 -1888 -1890 -1894 -1898 -1904 -1909 -1920 -1938 -1957 -1976 -1993 -2008 -2020 -2028 -2032 -2033 -2032 -2031 -2029 -2026 -2026 -2030 -2035 -2041 -2050 -2065 -2081 -2099 -2120 -2150 -2190 -2232 -2269 -2292 -2300 -2314 -2342 -2382 -2429 -2484 -2542 -2604 -2660 -2710 -2761 -2782 -2766 -2738 -2715 -2705 -2700 -2696 -2697 -2699 -2696 -2688 -2678 -2666 -2653 -2635
-1561 -1591 -1621 -1649 -1675 -1696 -1716 -1738 -1760 -1781 -1801 -1818 -1834 -1849 -1867 -1891 -1921 -1953 -1974 -1968 -1938 -1916 -1910 -1912 -1918 -1927 -1939 -1951 -1965 -1982 -2000 -2018 -2034 -2048 -2059 -2066 -2070 -2071 -2071 -2070 -2069 -2068 -2070 -2075 -2081 -2088 -2098 -2111 -2124 -2138 -2153 -2177 -2212 -2252 -2291 -2321 -2343 -2369 -2403 -2444 -2491 -2542 -2593 -2643 -2685 -2715 -2739 -2750 -2746 -2736 -2731 -2728 -2727 -2726 -2726 -2727 -2722 -2713 -2702 -2689 -2674 -2655
-1579 -1609 -1638 -1672 -1700 -1719 -1740 -1762 -1784 -1805 -1824 -1839 -1850 -1859 -1872 -1894 -1932 -1983 -2024 -2021 -1983 -1954 -1944 -1944 -1952 -1964 -1979 -1995 -2011 -2028 -2045 -2062 -2077 -2091 -2101 -2108 -2111 -2113 -2113 -2113 -2114 -2114 -2116 -2123 -2130 -2138 -2149 -2161 -2171 -2178 -2185 -2201 -2230 -2268 -2311 -2350 -2385 -2421 -2461 -2503 -2549 -2595 -2638 -2678 -2706 -2722 -2726 -2730 -2731 -2734 -2743 -2749 -2751 -2751 -2750 -2749 -2743 -2732 -2720 -2706 -2690 -2670
-1598 -1625 -1654 -1688 -1719 -1741 -1764 -1788 -1811 -1832 -1850 -1862 -1867 -1868 -1871 -1886 -1927 -1989 -2044 -2053 -2026 -2001 -1987 -1986 -1993 -2006 -2022 -2040 -2057 -2074 -2091 -2108 -2123 -2136 -2146 -2152 -2156 -2158 -2159 -2160 -2161 -2162 -2166 -2174 -2183 -2192 -2203 -2214 -2221 -2222 -2220 -2230 -2254 -2290 -2336 -2382 -2428 -2473 -2517 -2559 -2602 -2644 -2681 -2712 -2733 -2741 -2740 -2742 -2746 -2754 -2766 -2773 -2775 -2773 -2770 -2766 -2758 -2746 -2732 -2717 -2700 -2678
-1623 -1646 -1668 -1696 -1732 -1763 -1790 -1816 -1840 -1862 -1879 -1890 -1889 -1879 -1870 -1871 -1909 -1973 -2033 -2059 -2053 -2039 -2029 -2029 -2036 -2049 -2066 -2085 -2102 -2120 -2137 -2154 -2170 -2183 -2193 -2199 -2203 -2206 -2207 -2209 -2211 -2213 -2218 -2227 -2237 -2249 -2261 -2271 -2277 -2273 -2263 -2268 -2289 -2324 -2371 -2421 -2474 -2525 -2570 -2612 -2652 -2691 -2724 -2751 -2768 -2774 -2775 -2780 -2789 -2796 -2801 -2803 -2800 -2793 -2786 -2779 -2768 -2754 -2739 -2722 -2704 -2681
-1657 -1682 -1703 -1731 -1766 -1794 -1820 -1846 -1872 -1895 -1913 -1924 -1918 -1900 -1882 -1875 -1905 -1964 -2022 -2058 -2067 -2066 -2064 -2068 -2078 -2093 -2110 -2129 -2147 -2165 -2184 -2201 -2217 -2231 -2241 -2248 -2253 -2256 -2258 -2260 -2263 -2266 -2272 -2282 -2293 -2305 -2319 -2331 -2338 -2334 -2323 -2326 -2345 -2377 -2422 -2471 -2524 -2576 -2622 -2661 -2700 -2736 -2767 -2792 -2807 -2815 -2821 -2831 -2844 -2846 -2839 -2832 -2822 -2810 -2799 -2788 -2774 -2758 -2741 -2723 -2703 -2679
-1698 -1730 -1762 -1792 -1815 -1831 -1851 -1876 -1903 -1928 -1949 -1961 -1955 -1935 -1915 -1907 -1928 -1973 -2021 -2057 -2076 -2087 -2096 -2106 -2119 -2135 -2154 -2173 -2192 -2211 -2230 -2248 -2265 -2279 -2290 -2298 -2304 -2308 -2311 -2314 -2317 -2321 -2327 -2336 -2347 -2360 -2376 -2391 -2402 -2402 -2395 -2399 -2415 -2443 -2482 -2528 -2577 -2626 -2670 -2708 -2744 -2778 -2807 -2832 -2847 -2857 -2868 -2880 -2890 -2886 -2871 -2857 -2841 -2823 -2807 -2792 -2775 -2757 -2738 -2719 -2697 -2672
-1735 -1776 -1819 -1853 -1861 -1861 -1874 -1900 -1932 -1961 -1984 -2002 -2000 -1979 -1957 -1947 -1961 -1996 -2035 -2071 -2095 -2113 -2128 -2143 -2159 -2177 -2197 -2217 -2237 -2256 -2276 -2296 -2313 -2329 -2341 -2349 -2356 -2361 -2364 -2368 -2371 -2375 -2381 -2390 -2400 -2412 -2428 -2448 -2467 -2471 -2464 -2466 -2479 -2505 -2541 -2583 -2628 -2675 -2717 -2752 -2786 -2818 -2846 -2871 -2885 -2893 -2904 -2914 -2918 -2910 -2891 -2875 -2855 -2832 -2812 -2793 -2774 -2753 -2733 -2712 -2690 -2664
-1759 -1801 -1846 -1878 -1881 -1873 -1882 -1912 -1951 -1986 -2012 -2034 -2037 -2021 -2005 -1996 -2007 -2035 -2068 -2100 -2125 -2146 -2166 -2183 -2201 -2220 -2240 -2261 -2282 -2302 -2322 -2342 -2361 -2378 -2391 -2401 -2409 -2415 -2419 -2423 -2426 -2429 -2435 -2443 -2451 -2459 -2474 -2496 -2519 -2529 -2524 -2527 -2540 -2564 -2597 -2634 -2674 -2719 -2758 -2789 -2820 -2850 -2878 -2902 -2914 -2919 -2927 -2933 -2932 -2920 -2901 -2883 -2860 -2834 -2811 -2790 -2768 -2745 -2724 -2701 -2678 -2651
-1767 -1804 -1840 -1865 -1870 -1866 -1877 -1909 -1954 -1995 -2027 -2052 -2062 -2060 -2055 -2055 -2066 -2088 -2115 -2142 -2166 -2188 -2208 -2227 -2245 -2264 -2285 -2307 -2328 -2348 -2368 -2388 -2408 -2426 -2440 -2451 -2461 -2469 -2474 -2478 -2481 -2485 -2490 -2497 -2504 -2511 -2522 -2538 -2558 -2571 -2575 -2581 -2594 -2616 -2645 -2677 -2712 -2752 -2787 -2816 -2845 -2873 -2899 -2920 -2931 -2935 -2940 -2942 -2937 -2922 -2903 -2883 -2858 -2831 -2806 -2782 -2757 -2734 -2710 -2686 -2662 -2634
-1763 -1794 -1827 -1846 -1848 -1851 -1864 -1898 -1948 -1996 -2036 -2067 -2086 -2097 -2103 -2112 -2125 -2144 -2167 -2191 -2213 -2234 -2255 -2273 -2291 -2310 -2330 -2352 -2373 -2393 -2413 -2433 -2453 -2472 -2488 -2501 -2512 -2521 -2527 -2532 -2534 -2538 -2543 -2551 -2560 -2569 -2575 -2583 -2596 -2609 -2616 -2625 -2640 -2660 -2684 -2711 -2742 -2776 -2807 -2834 -2861 -2887 -2911 -2930 -2940 -2945 -2948 -2949 -2943 -2928 -2905 -2881 -2854 -2825 -2798 -2771 -2745 -2720 -2695 -2669 -2644 -2616
-1752 -1775 -1799 -1813 -1824 -1841 -1860 -1897 -1950 -2003 -2051 -2088 -2115 -2134 -2150 -2165 -2181 -2200 -2221 -2243 -2263 -2283 -2303 -2321 -2339 -2357 -2376 -2397 -2418 -2437 -2457 -2478 -2498 -2518 -2535 -2550 -2562 -2573 -2580 -2584 -2585 -2588 -2591 -2599 -2611 -2622 -2625 -2625 -2633 -2643 -2652 -2662 -2676 -2693 -2713 -2736 -2762 -2792 -2820 -2844 -2870 -2894 -2916 -2934 -2944 -2949 -2953 -2954 -2948 -2930 -2904 -2878 -2848 -2817 -2788 -2760 -2731 -2704 -2678 -2652 -2625 -2597
-1746 -1763 -1781 -1796 -1822 -1854 -1882 -1921 -1971 -2025 -2075 -2115 -2148 -2174 -2196 -2216 -2235 -2254 -2274 -2295 -2314 -2333 -2352 -2370 -2387 -2404 -2422 -2442 -2462 -2481 -2500 -2521 -2541 -2562 -2580 -2596 -2610 -2622 -2630 -2633 -2634 -2634 -2634 -2638 -2650 -2661 -2664 -2662 -2666 -2673 -2681 -2690 -2702 -2717 -2733 -2752 -2774 -2799 -2824 -2846 -2870 -2893 -2914 -2932 -2942 -2948 -2952 -2953 -2946 -2928 -2900 -2872 -2840 -2807 -2777 -2746 -2716 -2687 -2660 -2634 -2607 -2579
-1756 -1778 -1802 -1822 -1857 -1896 -1926 -1963 -2009 -2060 -2110 -2151 -2186 -2216 -2242 -2265 -2287 -2306 -2326 -2346 -2365 -2384 -2402 -2419 -2435 -2451 -2468 -2486 -2505 -2523 -2542 -2562 -2583 -2604 -2623 -2639 -2656 -2669 -2678 -2682 -2682 -2680 -2673 -2670 -2678 -2687 -2692 -2692 -2694 -2699 -2705 -2711 -2719 -2731 -2744 -2759 -2777 -2799 -2821 -2841 -2863 -2885 -2906 -2925 -2936 -2941 -2947 -2948 -2940 -2921 -2893 -2864 -2830 -2795 -2763 -2730 -2699 -2670 -2642 -2615 -2589 -2561
-1797 -1831 -1876 -1910 -1937 -1967 -1992 -2023 -2063 -2109 -2154 -2193 -2229 -2260 -2287 -2313 -2336 -2356 -2377 -2397 -2416 -2434 -2451 -2467 -2482 -2497 -2512 -2529 -2547 -2564 -2582 -2601 -2622 -2643 -2662 -2679 -2697 -2711 -2721 -2726 -2728 -2729 -2717 -2703 -2704 -2710 -2715 -2715 -2716 -2718 -2722 -2724 -2729 -2737 -2746 -2758 -2772 -2791 -2810 -2828 -2849 -2871 -2892 -2911 -2923 -2929 -2936 -2938 -2931 -2911 -2882 -2852 -2817 -2781 -2747 -2714 -2681 -2651 -2623 -2596 -2571 -2544
-1867 -1911 -1968 -2013 -2034 -2051 -2071 -2096 -2129 -2166 -2205 -2241 -2274 -2305 -2333 -2359 -2383 -2404 -2424 -2445 -2464 -2481 -2498 -2513 -2528 -2541 -2555 -2570 -2586 -2602 -2619 -2638 -2657 -2677 -2695 -2712 -2730 -2745 -2755 -2760 -2762 -2765 -2753 -2735 -2730 -2732 -2734 -2733 -2732 -2731 -2731 -2730 -2730 -2733 -2739 -2747 -2758 -2774 -2791 -2808 -2828 -2850 -2871 -2889 -2902 -2911 -2919 -2922 -2915 -2895 -2867 -2836 -2801 -2763 -2729 -2695 -2662 -2632 -2604 -2577 -2553 -2527
-1943 -1989 -2040 -2085 -2113 -2131 -2149 -2171 -2197 -2228 -2261 -2292 -2322 -2351 -2378 -2404 -2428 -2449 -2470 -2490 -2510 -2527 -2542 -2557 -2570 -2583 -2595 -2609 -2623 -2637 -2654 -2671 -2690 -2708 -2726 -2742 -2758 -2771 -2780 -2783 -2783 -2783 -2773 -2760 -2754 -2753 -2751 -2747 -2743 -2738 -2734 -2729 -2724 -2723 -2725 -2730 -2738 -2751 -2766 -2783 -2802 -2823 -2844 -2863 -2877 -2887 -2897 -2901 -2896 -2877 -2848 -2817 -2781 -2743 -2707 -2673 -2640 -2610 -2583 -2558 -2534 -2511
-2022 -2066 -2112 -2157 -2188 -2207 -2224 -2244 -2266 -2291 -2319 -2345 -2372 -2399 -2423 -2449 -2472 -2493 -2514 -2534 -2553 -2570 -2585 -2599 -2611 -2622 -2633 -2645 -2657 -2670 -2685 -2702 -2719 -2737 -2753 -2767 -2782 -2794 -2800 -2800 -2796 -2794 -2786 -2778 -2773 -2770 -2765 -2757 -2749 -2741 -2733 -2724 -2713 -2707 -2705 -2707 -2713 -2724 -2737 -2753 -2772 -2793 -2814 -2834 -2849 -2860 -2872 -2879 -2876 -2857 -2827 -2797 -2760 -2720 -2684 -2649 -2616 -2587 -2560 -2537 -2516 -2495
-2103 -2146 -2189 -2230 -2262 -2283 -2300 -2317 -2336 -2356 -2377 -2399 -2422 -2445 -2468 -2491 -2513 -2533 -2554 -2574 -2593 -2609 -2624 -2637 -2648 -2657 -2667 -2677 -2688 -2699 -2713 -2728 -2744 -2761 -2776 -2790 -2803 -2813 -2817 -2814 -2808 -2804 -2797 -2792 -2787 -2782 -2774 -2762 -2749 -2737 -2725 -2712 -2698 -2688 -2682 -2681 -2685 -2692 -2704 -2719 -2737 -2758 -2778 -2798 -2814 -2827 -2840 -2848 -2847 -2830 -2801 -2770 -2733 -2693 -2656 -2622 -2590 -2561 -2536 -2514 -2495 -2477
-2187 -2229 -2270 -2309 -2340 -2361 -2377 -2392 -2406 -2420 -2436 -2453 -2471 -2490 -2510 -2531 -2551 -2570 -2590 -2610 -2628 -2644 -2658 -2670 -2680 -2688 -2696 -2706 -2715 -2725 -2738 -2752 -2767 -2782 -2797 -2809 -2821 -2829 -2832 -2829 -2822 -2816 -2810 -2803 -2796 -2788 -2776 -2761 -2745 -2728 -2712 -2695 -2678 -2665 -2656 -2652 -2653 -2658 -2668 -2682 -2699 -2718 -2739 -2759 -2776 -2789 -2802 -2811 -2811 -2795 -2767 -2736 -2700 -2660 -2624 -2591 -2560 -2533 -2509 -2489 -2473 -2457
-2270 -2313 -2353 -2391 -2422 -2442 -2456 -2467 -2476 -2484 -2494 -2506 -2519 -2534 -2550 -2568 -2586 -2604 -2623 -2642 -2659 -2674 -2687 -2699 -2708 -2716 -2723 -2731 -2740 -2749 -2760 -2773 -2787 -2801 -2815 -2826 -2838 -2845 -2847 -2843 -2836 -2829 -2821 -2811 -2802 -2791 -2776 -2756 -2736 -2715 -2695 -2674 -2654 -2637 -2626 -2620 -2618 -2621 -2629 -2642 -2658 -2677 -2697 -2717 -2734 -2748 -2761 -2770 -2771 -2755 -2727 -2697 -2661 -2623 -2588 -2556 -2526 -2501 -2480 -2462 -2448 -2435
