env/gebco30sec.asc
ncols        300
nrows        300
xllcorner    125.000000000000
yllcorner    -10.500000000000
cellsize     0.008333333333
NODATA_value -32768
[rows 111 to 147 of 300, columns 82 to 163 of 300]
736 746 875 832 577 513 661 826 896 878 775 723 666 568 438 563 670 590 518 370 316 420 566 597 490 357 344 423 296 216 246 342 376 508 530 466 577 531 351 301 295 278 305 211 198 153 109 92 74 57 61 65 51 43 36 29 26 26 24 25 43 62 25 29 45 74 66 38 25 26 34 32 44 85 118 149 158 93 73 80 52 29
547 631 794 694 683 453 544 631 753 779 734 557 589 436 431 539 676 558 467 450 303 377 477 597 519 379 289 389 342 233 204 214 322 432 360 313 378 377 352 207 244 185 175 160 150 128 109 83 64 47 46 39 35 31 29 26 22 20 20 18 25 25 20 22 28 32 26 17 17 22 27 29 30 25 28 51 91 89 65 44 68 36
506 784 782 615 493 406 483 558 678 665 856 592 388 402 484 621 628 568 449 348 270 406 518 583 499 394 270 329 389 359 345 190 325 313 295 248 233 210 193 155 153 165 148 140 121 117 99 81 48 40 41 36 36 28 27 27 19 17 20 16 13 13 16 19 18 18 17 12 13 15 19 22 25 21 30 47 56 102 73 37 27 16
451 661 822 640 467 373 502 698 654 541 628 548 467 378 414 483 552 506 378 264 331 450 507 476 444 315 221 257 377 362 250 183 200 200 232 348 275 201 127 127 141 143 130 114 98 95 81 62 42 37 39 35 32 33 29 23 20 15 15 11 8 11 14 17 20 17 14 9 8 10 14 16 19 18 17 34 62 58 21 10 11 10
392 570 711 623 367 505 652 666 548 469 640 712 604 481 353 354 480 543 412 264 332 366 380 357 388 308 230 217 347 345 359 234 148 130 143 277 259 206 131 111 119 116 113 95 76 67 52 42 37 37 46 31 28 32 29 23 20 18 16 10 8 8 12 14 18 21 13 14 10 8 9 11 12 9 7 6 8 11 10 10 5 2
395 486 608 500 351 501 618 518 498 395 517 500 454 476 413 308 447 545 496 281 234 285 278 253 330 316 290 183 250 297 334 306 281 188 119 114 134 215 125 92 96 91 80 65 51 45 35 34 30 26 25 23 27 34 26 26 24 20 15 11 10 9 8 10 18 15 13 19 12 4 5 7 8 7 7 8 9 6 2 -73 -66 -47
362 431 505 419 313 455 518 503 378 348 383 337 326 352 415 317 293 352 373 368 230 248 214 205 256 362 282 194 181 287 249 273 285 207 161 114 90 96 92 77 67 60 50 39 35 34 32 25 27 21 20 22 26 33 23 25 19 16 10 4 1 -24 -32 -36 -40 -48 1 2 2 2 3 6 8 9 7 3 -58 -66 -88 -127 -102 -63
337 371 404 357 285 346 379 417 427 332 270 252 240 239 305 317 247 246 280 317 226 198 217 164 231 290 226 203 146 257 208 173 173 185 192 204 191 116 77 66 55 46 40 36 30 27 22 20 18 19 19 17 27 34 18 17 11 6 -20 -28 -35 -46 -55 -60 -65 -71 -82 -98 -109 -109 -113 -123 -121 -105 -91 -87 -77 -73 -78 -86 -74 -55
334 351 314 282 286 298 304 382 474 405 304 306 282 224 255 289 263 224 217 200 180 170 167 156 151 184 182 151 137 226 207 150 126 173 156 157 154 136 84 54 49 44 38 35 30 24 19 17 15 15 23 25 27 21 7 2 -8 -24 -39 -50 -61 -71 -80 -87 -89 -95 -106 -127 -142 -130 -135 -159 -153 -120 -105 -106 -84 -69 -60 -47 -42 -45
332 334 294 260 248 296 354 469 524 428 364 380 406 312 234 208 203 214 231 243 191 166 166 170 139 127 131 123 124 183 158 133 110 138 136 125 90 107 53 44 42 40 34 36 36 20 22 19 21 21 21 17 11 2 -9 -19 -30 -47 -62 -76 -89 -99 -105 -109 -108 -112 -116 -120 -124 -122 -121 -121 -114 -100 -87 -73 -60 -57 -52 -42 -43 -50
311 395 386 296 236 358 430 488 548 449 333 273 319 342 291 247 187 197 241 201 190 193 207 188 134 126 116 113 108 147 141 99 96 92 103 89 56 48 35 36 34 35 32 39 32 18 20 21 18 16 7 3 -7 -13 -25 -37 -51 -70 -88 -106 -120 -129 -135 -136 -127 -130 -126 -112 -105 -110 -103 -82 -74 -78 -67 -42 -32 -48 -52 -43 -52 -68
384 451 327 243 232 302 380 424 462 406 393 321 235 208 212 175 182 211 193 155 158 194 222 173 142 121 110 101 95 95 94 84 100 73 64 78 59 34 31 36 40 38 31 30 28 15 7 13 13 3 -3 -11 -20 -30 -42 -57 -73 -92 -113 -133 -149 -160 -168 -171 -165 -161 -151 -135 -121 -119 -107 -86 -77 -81 -73 -53 -50 -68 -77 -79 -91 -106
314 320 222 217 262 282 286 277 301 398 361 308 221 196 176 161 164 155 142 140 139 165 206 211 183 165 152 96 87 83 79 75 85 73 54 52 45 29 22 24 31 31 22 23 26 25 13 14 6 -3 -13 -25 -35 -44 -59 -73 -93 -114 -137 -161 -182 -193 -203 -213 -208 -198 -185 -165 -144 -143 -129 -99 -91 -105 -99 -74 -72 -101 -119 -121 -137 -157
249 245 193 217 208 223 252 212 248 291 257 319 251 223 218 206 158 144 137 128 131 170 146 172 195 181 160 126 136 101 73 69 64 59 51 44 36 27 20 16 16 18 15 15 22 18 19 17 -8 -18 -29 -40 -51 -62 -75 -91 -111 -133 -159 -184 -207 -222 -236 -246 -246 -239 -227 -213 -199 -192 -181 -163 -158 -162 -158 -146 -143 -165 -182 -192 -207 -223
209 210 169 192 212 255 277 221 177 209 188 206 206 289 289 254 249 209 152 147 117 107 112 193 160 98 97 107 144 103 70 62 54 53 45 48 37 24 18 14 9 10 11 12 20 16 14 2 -21 -32 -45 -57 -69 -79 -92 -106 -127 -152 -179 -206 -233 -251 -268 -284 -288 -282 -275 -266 -255 -250 -242 -231 -230 -234 -233 -224 -221 -241 -257 -266 -282 -298
195 174 175 225 260 271 268 266 198 141 145 170 175 220 273 309 262 202 196 228 135 108 95 91 104 104 76 54 48 62 67 59 52 46 40 41 38 22 15 11 7 10 13 13 19 11 1 -24 -39 -52 -65 -77 -87 -98 -111 -125 -144 -171 -199 -226 -255 -277 -298 -316 -324 -325 -323 -320 -315 -314 -312 -310 -312 -316 -319 -320 -322 -332 -343 -354 -367 -379
199 151 167 243 346 292 233 200 173 150 112 126 144 166 196 307 297 245 226 233 163 131 113 100 81 94 62 50 42 41 45 55 51 42 38 33 33 24 13 9 11 13 10 10 3 -17 -30 -46 -62 -74 -86 -98 -108 -117 -130 -143 -161 -191 -220 -247 -279 -305 -328 -350 -364 -367 -371 -375 -376 -379 -383 -388 -397 -401 -407 -416 -420 -423 -431 -443 -452 -461
140 129 191 310 418 307 236 228 247 198 133 101 157 166 147 192 224 266 229 259 211 180 128 76 69 68 57 47 42 41 41 42 40 37 36 26 20 16 16 17 15 1 1 -33 -42 -50 -60 -74 -88 -99 -110 -121 -131 -141 -153 -167 -188 -215 -244 -271 -303 -332 -358 -381 -399 -409 -419 -428 -435 -442 -452 -463 -474 -480 -490 -500 -505 -506 -513 -523 -530 -539
120 136 209 276 361 385 286 192 187 188 181 98 135 138 106 117 161 184 152 162 175 181 111 77 76 65 60 47 39 36 39 39 34 34 29 23 16 11 10 18 6 -21 -45 -62 -73 -82 -92 -103 -115 -126 -136 -146 -156 -165 -177 -189 -212 -240 -268 -296 -330 -361 -389 -416 -436 -450 -465 -481 -494 -504 -518 -537 -552 -556 -566 -582 -586 -584 -588 -599 -605 -613
107 115 154 216 285 291 261 238 146 148 118 73 86 112 79 95 127 142 97 82 94 148 121 128 121 126 71 45 35 30 30 29 27 30 26 20 12 8 14 6 -35 -54 -81 -98 -109 -118 -125 -133 -142 -152 -162 -173 -183 -192 -205 -216 -235 -267 -297 -325 -360 -391 -420 -448 -472 -489 -507 -527 -544 -557 -575 -597 -613 -618 -628 -644 -650 -648 -652 -662 -670 -679
100 100 157 288 294 193 212 234 176 136 149 91 109 101 73 97 125 88 61 50 68 127 98 92 70 64 47 43 35 31 23 23 21 22 15 11 10 12 6 -39 -69 -97 -125 -137 -146 -152 -155 -161 -169 -178 -189 -201 -212 -224 -237 -251 -272 -301 -331 -360 -393 -423 -452 -479 -504 -525 -546 -568 -587 -604 -624 -645 -662 -670 -681 -694 -701 -703 -709 -718 -727 -739
116 93 149 231 212 146 199 310 267 154 105 71 53 49 49 83 95 142 68 35 70 114 144 58 26 22 29 31 35 28 19 17 15 13 9 8 9 3 -32 -69 -107 -142 -177 -181 -182 -185 -182 -187 -195 -203 -215 -229 -243 -256 -271 -286 -307 -337 -367 -395 -427 -459 -487 -513 -538 -561 -584 -606 -628 -647 -668 -691 -710 -717 -728 -744 -752 -753 -759 -770 -780 -793
100 91 148 181 170 125 225 344 249 202 171 119 90 44 36 69 105 130 43 29 67 65 131 58 17 18 19 19 22 23 16 13 10 11 13 7 -32 -42 -69 -106 -145 -185 -220 -219 -214 -211 -206 -211 -220 -230 -243 -260 -275 -291 -308 -326 -349 -378 -407 -435 -466 -497 -525 -551 -576 -598 -621 -643 -665 -685 -706 -728 -745 -756 -768 -781 -789 -794 -801 -812 -825 -843
122 132 139 110 108 188 199 295 373 344 316 214 127 52 30 35 85 89 26 11 12 11 18 8 8 13 12 13 16 15 10 10 10 5 -21 -44 -62 -75 -106 -141 -181 -226 -272 -254 -241 -234 -224 -233 -244 -255 -272 -291 -309 -326 -347 -367 -390 -420 -449 -477 -507 -537 -565 -590 -614 -638 -660 -681 -703 -723 -743 -765 -782 -791 -802 -816 -824 -830 -839 -853 -866 -886
193 99 112 102 96 154 128 257 363 308 277 180 83 33 24 70 69 19 4 -2 -1 -1 -1 3 4 7 9 7 7 9 7 7 1 -43 -59 -80 -99 -116 -142 -174 -207 -240 -268 -264 -256 -248 -245 -256 -271 -285 -304 -325 -346 -366 -389 -411 -437 -467 -495 -523 -552 -581 -608 -633 -656 -678 -699 -719 -739 -757 -775 -794 -809 -820 -831 -843 -852 -862 -872 -886 -903 -925
78 45 55 67 76 97 108 216 212 134 134 156 77 17 14 19 27 4 -2 -7 -4 -8 -15 -26 -50 -75 -90 -91 -89 -82 -77 -80 -82 -86 -101 -120 -137 -154 -178 -204 -229 -253 -272 -274 -269 -260 -262 -281 -299 -314 -336 -361 -385 -406 -432 -456 -483 -514 -543 -571 -601 -628 -654 -678 -699 -719 -738 -756 -775 -791 -807 -823 -836 -847 -860 -871 -880 -890 -902 -916 -935 -961
27 23 27 34 36 64 144 152 111 57 62 96 38 4 3 9 10 -2 -5 -7 -7 -24 -41 -61 -91 -122 -146 -147 -144 -141 -136 -134 -135 -139 -150 -165 -181 -195 -215 -235 -253 -269 -283 -290 -290 -288 -295 -313 -332 -350 -374 -401 -427 -452 -479 -506 -534 -564 -593 -622 -650 -677 -702 -725 -745 -763 -780 -796 -811 -826 -839 -852 -863 -875 -885 -895 -904 -917 -932 -947 -969 -997
24 19 18 26 23 23 35 58 67 43 7 6 -1 -12 -23 -31 -12 -19 -21 -12 -7 -43 -70 -92 -130 -169 -208 -203 -199 -201 -192 -189 -188 -191 -200 -212 -224 -236 -251 -267 -281 -290 -301 -311 -316 -316 -327 -349 -369 -385 -413 -444 -473 -498 -528 -556 -585 -616 -645 -673 -702 -727 -751 -774 -792 -807 -822 -836 -848 -860 -871 -881 -890 -901 -911 -919 -928 -945 -962 -977 -1001 -1031
21 16 12 10 10 8 7 19 14 4 -26 -36 -40 -42 -45 -46 -43 -49 -53 -51 -56 -84 -111 -137 -171 -205 -233 -241 -244 -246 -242 -240 -240 -242 -250 -260 -269 -280 -292 -304 -315 -323 -332 -343 -350 -355 -369 -392 -413 -433 -462 -493 -523 -552 -581 -610 -640 -669 -697 -725 -752 -776 -799 -820 -837 -851 -863 -875 -886 -896 -904 -912 -921 -931 -941 -950 -961 -979 -996 -1014 -1038 -1067
18 15 14 13 4 -25 -95 -67 -58 -81 -119 -99 -74 -69 -72 -78 -77 -88 -94 -94 -104 -133 -159 -180 -213 -244 -271 -280 -286 -291 -289 -289 -290 -293 -299 -307 -315 -324 -333 -344 -352 -359 -366 -380 -389 -395 -411 -437 -460 -481 -512 -545 -576 -606 -636 -666 -696 -723 -750 -778 -804 -825 -847 -869 -883 -894 -905 -916 -925 -932 -939 -946 -954 -965 -974 -980 -993 -1014 -1032 -1049 -1074 -1104
21 18 26 11 -42 -141 -181 -206 -178 -109 -91 -69 -70 -82 -97 -111 -122 -136 -148 -157 -171 -195 -217 -238 -265 -289 -310 -322 -329 -334 -335 -336 -339 -343 -348 -354 -362 -369 -378 -387 -396 -403 -412 -424 -436 -448 -465 -489 -514 -539 -569 -601 -633 -663 -693 -722 -750 -777 -803 -828 -852 -872 -892 -911 -926 -937 -947 -956 -964 -971 -978 -984 -992 -1002 -1012 -1021 -1035 -1054 -1073 -1093 -1118 -1144
26 16 12 -4 -56 -117 -142 -129 -33 -41 -37 -15 -52 -90 -122 -147 -169 -190 -207 -220 -237 -259 -279 -298 -319 -338 -355 -367 -374 -379 -381 -384 -387 -390 -395 -402 -408 -415 -422 -432 -440 -448 -457 -470 -485 -499 -518 -542 -569 -596 -627 -659 -690 -721 -751 -779 -806 -832 -856 -881 -902 -921 -939 -956 -969 -978 -987 -996 -1003 -1010 -1016 -1022 -1030 -1041 -1051 -1062 -1076 -1096 -1116 -1137 -1161 -1184
11 6 -14 -24 -69 -95 -110 -109 -21 -19 -19 -11 -56 -110 -154 -188 -219 -248 -269 -285 -303 -326 -343 -357 -376 -391 -405 -416 -422 -426 -428 -432 -435 -438 -443 -449 -455 -460 -468 -477 -485 -493 -502 -519 -533 -547 -568 -596 -624 -651 -684 -717 -749 -781 -810 -838 -863 -885 -909 -933 -953 -967 -984 -1002 -1013 -1019 -1027 -1036 -1043 -1048 -1054 -1060 -1068 -1081 -1092 -1102 -1116 -1136 -1158 -1179 -1204 -1223
-19 -14 -19 -29 -53 -66 -72 -62 -21 -20 -29 -44 -90 -146 -198 -243 -282 -315 -341 -363 -382 -401 -416 -428 -441 -451 -461 -469 -472 -475 -477 -480 -483 -486 -490 -496 -502 -508 -516 -524 -533 -542 -554 -569 -586 -603 -625 -652 -681 -710 -742 -775 -807 -839 -866 -893 -916 -936 -957 -979 -997 -1010 -1024 -1040 -1050 -1057 -1064 -1072 -1079 -1085 -1093 -1101 -1111 -1123 -1134 -1146 -1160 -1178 -1200 -1225 -1248 -1261
-23 -17 -18 -23 -35 -42 -41 -31 -2 -19 -42 -69 -125 -189 -250 -304 -352 -388 -419 -446 -464 -480 -492 -502 -509 -513 -520 -524 -526 -525 -527 -530 -532 -534 -538 -544 -550 -555 -563 -572 -582 -593 -604 -620 -638 -656 -681 -708 -737 -768 -801 -832 -864 -898 -922 -948 -969 -985 -1004 -1025 -1041 -1050 -1063 -1078 -1087 -1093 -1101 -1110 -1116 -1122 -1130 -1140 -1153 -1164 -1177 -1190 -1201 -1217 -1240 -1270 -1296 -1296
-20 -15 -14 -15 -20 -21 -20 -10 -2 -24 -61 -104 -169 -239 -307 -371 -424 -465 -499 -530 -550 -562 -571 -578 -582 -583 -584 -583 -582 -580 -579 -580 -581 -583 -586 -591 -597 -603 -611 -621 -631 -642 -655 -671 -690 -711 -735 -762 -793 -824 -856 -886 -916 -948 -972 -996 -1014 -1028 -1044 -1061 -1075 -1085 -1097 -1111 -1120 -1127 -1134 -1143 -1149 -1156 -1166 -1178 -1191 -1203 -1216 -1230 -1237 -1251 -1271 -1301 -1319 -1319
-15 -12 -10 -6 -5 -7 -5 -2 -2 -29 -79 -131 -212 -292 -369 -442 -504 -544 -582 -620 -638 -644 -651 -657 -656 -653 -649 -645 -639 -635 -632 -631 -631 -631 -633 -638 -644 -651 -659 -668 -679 -691 -705 -721 -740 -762 -789 -815 -845 -878 -910 -936 -966 -998 -1019 -1043 -1059 -1068 -1080 -1097 -1109 -1117 -1128 -1142 -1152 -1158 -1166 -1176 -1181 -1188 -1198 -1213 -1230 -1240 -1254 -1270 -1268 -1276 -1293 -1332 -1346 -1339
