env/gebco30sec.asc
ncols        300
nrows        300
xllcorner    125.000000000000
yllcorner    -10.500000000000
cellsize     0.008333333333
NODATA_value -32768
[rows 37 to 73 of 300, columns 0 to 81 of 300]
576 491 409 476 508 479 385 319 222 243 216 132 188 132 101 47 1 -244 -380 -523 -652 -766 -875 -957 -1026 -1084 -1121 -1159 -1182 -1240 -1313 -1393 -1441 -1464 -1464 -1433 -1350 -1240 -995 -1134 -1196 -1078 -1002 -998 -997 -990 -1002 -1018 -1002 -978 -938 -889 -849 -816 -772 -715 -663 -618 -561 -494 -439 -398 -354 -310 -287 -264 -238 -206 -188 -275 -379 -482 -621 -789 -961 -1150 -1392 -1651 -1914 -2162 -2404 -2635
530 547 462 429 406 476 373 361 392 276 236 205 282 250 138 44 7 -287 -437 -591 -721 -833 -949 -1021 -1100 -1196 -1242 -1270 -1308 -1374 -1415 -1465 -1498 -1494 -1433 -1381 -1306 -1178 -1137 -1259 -1201 -1044 -1009 -1067 -1093 -1097 -1129 -1132 -1121 -1104 -1070 -1026 -992 -961 -921 -869 -817 -773 -717 -649 -592 -558 -516 -469 -450 -445 -431 -411 -420 -516 -619 -719 -871 -1053 -1238 -1430 -1660 -1902 -2142 -2355 -2569 -2782
396 412 497 477 341 335 358 439 322 220 185 207 248 210 148 40 1 -409 -553 -693 -814 -914 -1001 -1071 -1145 -1263 -1311 -1351 -1396 -1448 -1490 -1553 -1593 -1573 -1501 -1400 -1364 -1272 -1334 -1330 -1293 -1226 -1198 -1220 -1239 -1284 -1302 -1298 -1279 -1252 -1218 -1182 -1151 -1120 -1085 -1043 -996 -947 -891 -831 -777 -735 -696 -660 -643 -642 -644 -653 -690 -777 -882 -1000 -1153 -1330 -1515 -1710 -1921 -2138 -2347 -2537 -2720 -2892
366 276 448 372 338 214 399 398 243 167 138 131 129 110 35 -255 -397 -540 -686 -819 -929 -1012 -1066 -1127 -1197 -1295 -1364 -1421 -1473 -1528 -1588 -1662 -1729 -1696 -1649 -1596 -1569 -1538 -1547 -1511 -1458 -1439 -1409 -1400 -1392 -1482 -1494 -1483 -1447 -1409 -1372 -1339 -1312 -1286 -1257 -1224 -1181 -1130 -1073 -1014 -959 -915 -876 -844 -831 -839 -855 -881 -935 -1028 -1139 -1267 -1424 -1601 -1787 -1980 -2177 -2375 -2560 -2720 -2874 -3019
373 194 311 247 257 143 258 235 149 38 30 4 4 2 -284 -355 -534 -685 -841 -971 -1072 -1141 -1153 -1226 -1291 -1359 -1428 -1494 -1556 -1629 -1683 -1755 -1830 -1804 -1806 -1798 -1785 -1738 -1720 -1730 -1760 -1699 -1631 -1619 -1625 -1671 -1680 -1672 -1614 -1562 -1521 -1490 -1472 -1452 -1433 -1413 -1373 -1318 -1258 -1196 -1135 -1092 -1053 -1018 -1010 -1033 -1061 -1093 -1157 -1266 -1385 -1515 -1683 -1865 -2053 -2244 -2428 -2616 -2783 -2902 -3028 -3162
96 44 59 42 51 40 53 42 6 -76 -126 -156 -218 -354 -476 -587 -749 -905 -1050 -1154 -1244 -1326 -1321 -1357 -1402 -1450 -1507 -1578 -1650 -1726 -1794 -1815 -1829 -1819 -1936 -1986 -1976 -1755 -1830 -1894 -1943 -1946 -1886 -1837 -1821 -1810 -1811 -1795 -1747 -1703 -1662 -1632 -1622 -1613 -1607 -1597 -1564 -1508 -1446 -1384 -1321 -1271 -1233 -1207 -1206 -1233 -1273 -1325 -1401 -1507 -1633 -1778 -1950 -2127 -2312 -2498 -2665 -2827 -2963 -3058 -3155 -3254
-54 -78 -73 -42 -54 -92 -102 -91 -146 -227 -287 -327 -410 -560 -697 -820 -990 -1149 -1287 -1344 -1398 -1456 -1451 -1485 -1518 -1545 -1587 -1668 -1745 -1810 -1837 -1865 -1848 -1786 -2094 -2171 -2138 -2007 -2023 -2071 -2124 -2167 -2117 -2017 -1952 -1932 -1948 -1931 -1882 -1841 -1796 -1759 -1766 -1771 -1781 -1790 -1764 -1700 -1633 -1570 -1498 -1442 -1403 -1381 -1387 -1422 -1475 -1543 -1626 -1732 -1863 -2021 -2207 -2379 -2563 -2753 -2894 -3039 -3149 -3199 -3265 -3348
-299 -301 -287 -258 -256 -280 -290 -292 -341 -417 -488 -559 -668 -807 -950 -1096 -1254 -1401 -1501 -1521 -1529 -1532 -1576 -1621 -1647 -1661 -1692 -1780 -1853 -1906 -1940 -1983 -2014 -2052 -2230 -2325 -2273 -2188 -2201 -2241 -2284 -2322 -2317 -2178 -2160 -2150 -2134 -2100 -2043 -1989 -1930 -1882 -1892 -1918 -1944 -1961 -1943 -1882 -1812 -1742 -1662 -1599 -1557 -1540 -1552 -1595 -1664 -1749 -1834 -1934 -2067 -2235 -2428 -2606 -2789 -2968 -3088 -3196 -3270 -3298 -3336 -3385
-559 -551 -525 -482 -467 -494 -500 -491 -540 -625 -703 -783 -922 -1058 -1207 -1370 -1526 -1677 -1754 -1712 -1683 -1617 -1723 -1781 -1795 -1783 -1797 -1913 -1982 -2026 -2059 -2128 -2208 -2282 -2398 -2445 -2411 -2340 -2372 -2407 -2437 -2464 -2477 -2451 -2410 -2391 -2340 -2287 -2212 -2147 -2071 -1987 -2016 -2067 -2112 -2146 -2138 -2064 -1984 -1909 -1809 -1734 -1688 -1672 -1690 -1744 -1834 -1943 -2019 -2102 -2233 -2414 -2632 -2811 -2998 -3189 -3266 -3343 -3385 -3370 -3380 -3414
-860 -829 -799 -761 -740 -751 -751 -750 -791 -857 -932 -1028 -1186 -1300 -1450 -1634 -1782 -1909 -1961 -1956 -1947 -1945 -1990 -1994 -1972 -1933 -1961 -2056 -2136 -2191 -2226 -2287 -2424 -2536 -2603 -2618 -2605 -2587 -2587 -2586 -2584 -2580 -2574 -2614 -2610 -2595 -2529 -2467 -2395 -2326 -2257 -2193 -2182 -2232 -2285 -2317 -2306 -2232 -2139 -2040 -1925 -1839 -1792 -1778 -1798 -1858 -1972 -2097 -2157 -2215 -2342 -2518 -2740 -2952 -3140 -3304 -3369 -3382 -3385 -3379 -3370 -3366
-1177 -1118 -1092 -1051 -1020 -1033 -1022 -1004 -1043 -1094 -1156 -1241 -1467 -1512 -1664 -1909 -2034 -2156 -2177 -2180 -2212 -2266 -2280 -2209 -2122 -2051 -2104 -2218 -2320 -2391 -2417 -2441 -2658 -2786 -2819 -2803 -2806 -2823 -2799 -2762 -2730 -2690 -2621 -2692 -2762 -2786 -2692 -2638 -2570 -2507 -2449 -2388 -2330 -2403 -2471 -2507 -2499 -2404 -2286 -2166 -2014 -1907 -1864 -1852 -1871 -1928 -2080 -2249 -2264 -2267 -2397 -2560 -2789 -2961 -3153 -3375 -3381 -3417 -3400 -3333 -3306 -3312
-1462 -1436 -1418 -1399 -1376 -1367 -1342 -1298 -1332 -1352 -1397 -1455 -1706 -1679 -1839 -2152 -2226 -2263 -2321 -2357 -2431 -2505 -2428 -2334 -2267 -2230 -2294 -2411 -2541 -2671 -2787 -2820 -2897 -2913 -2927 -2937 -2971 -2965 -2946 -2917 -2878 -2809 -2753 -2761 -2774 -2799 -2759 -2735 -2707 -2678 -2648 -2605 -2528 -2602 -2667 -2680 -2640 -2552 -2404 -2249 -2078 -1938 -1909 -1891 -1932 -1992 -2098 -2211 -2255 -2291 -2393 -2539 -2717 -2866 -3027 -3187 -3231 -3261 -3249 -3202 -3176 -3172
-1768 -1755 -1749 -1754 -1737 -1726 -1720 -1712 -1709 -1719 -1720 -1724 -2217 -2242 -2333 -2454 -2441 -2428 -2479 -2501 -2623 -2780 -2564 -2469 -2403 -2367 -2457 -2597 -2756 -2937 -3161 -3112 -3008 -2974 -2990 -3019 -3110 -3073 -3070 -3061 -3047 -2995 -2878 -2836 -2791 -2838 -2812 -2827 -2835 -2839 -2845 -2864 -2848 -2805 -2796 -2826 -2766 -2611 -2450 -2290 -2095 -2006 -1964 -1940 -1973 -2018 -2089 -2173 -2218 -2257 -2340 -2470 -2622 -2730 -2863 -3008 -3044 -3082 -3076 -3032 -3010 -3013
-2081 -2062 -2060 -2074 -2077 -2082 -2110 -2166 -2219 -2158 -2178 -2303 -2538 -2587 -2606 -2640 -2631 -2616 -2618 -2645 -2709 -2816 -2672 -2605 -2554 -2541 -2593 -2763 -2921 -3008 -3162 -3003 -2973 -2953 -2960 -2987 -3021 -3055 -3097 -3125 -3134 -3086 -3004 -2946 -2916 -2939 -2948 -2961 -2957 -2938 -2930 -2929 -2878 -2759 -2806 -2832 -2761 -2617 -2466 -2321 -2169 -2075 -2020 -1991 -1996 -2016 -2054 -2100 -2133 -2168 -2231 -2327 -2440 -2538 -2647 -2753 -2803 -2836 -2839 -2819 -2807 -2811
-2348 -2338 -2342 -2377 -2394 -2405 -2462 -2585 -2739 -2526 -2550 -2712 -2737 -2776 -2799 -2820 -2817 -2797 -2750 -2780 -2809 -2808 -2798 -2796 -2769 -2748 -2805 -2949 -3103 -3220 -3267 -3133 -3057 -2993 -2988 -3050 -3118 -3160 -3195 -3187 -3173 -3158 -3099 -3035 -3012 -3042 -3073 -3090 -3068 -3006 -2979 -2985 -2951 -2886 -2856 -2862 -2764 -2603 -2463 -2346 -2209 -2118 -2057 -2019 -2003 -1996 -2003 -2022 -2032 -2046 -2084 -2153 -2244 -2323 -2417 -2513 -2557 -2593 -2602 -2589 -2583 -2593
-2632 -2590 -2572 -2593 -2615 -2657 -2710 -2773 -2765 -2763 -2810 -2903 -2927 -2950 -2979 -3011 -3011 -2993 -2934 -2946 -2981 -3013 -3022 -3019 -3038 -3101 -3041 -3131 -3264 -3318 -3314 -3230 -3176 -3143 -3116 -3137 -3232 -3240 -3248 -3228 -3195 -3174 -3126 -3069 -3045 -3061 -3081 -3102 -3074 -3007 -2965 -2950 -2911 -2852 -2816 -2779 -2675 -2540 -2422 -2323 -2219 -2135 -2071 -2025 -1988 -1957 -1935 -1920 -1903 -1894 -1903 -1939 -2007 -2083 -2168 -2248 -2299 -2334 -2349 -2345 -2343 -2355
-2873 -2785 -2746 -2769 -2787 -2865 -2909 -2952 -3019 -2996 -3021 -3089 -3100 -3106 -3143 -3205 -3203 -3198 -3081 -3101 -3159 -3242 -3247 -3209 -3220 -3280 -3250 -3258 -3314 -3347 -3368 -3293 -3272 -3279 -3199 -3120 -3169 -3242 -3273 -3221 -3185 -3179 -3133 -3060 -3026 -3040 -3045 -3091 -3060 -2962 -2905 -2890 -2836 -2751 -2720 -2673 -2563 -2442 -2352 -2286 -2206 -2130 -2068 -2018 -1964 -1907 -1858 -1813 -1762 -1723 -1696 -1695 -1754 -1832 -1917 -1997 -2048 -2085 -2105 -2100 -2089 -2095
-2899 -2868 -2833 -2814 -2889 -2965 -3025 -3096 -3192 -3152 -3160 -3212 -3219 -3216 -3253 -3314 -3324 -3283 -3227 -3236 -3285 -3360 -3357 -3314 -3309 -3338 -3319 -3311 -3337 -3371 -3373 -3318 -3297 -3268 -3171 -2996 -3031 -3092 -3225 -3153 -3117 -3121 -3074 -2991 -2939 -2924 -2912 -2934 -2933 -2837 -2770 -2730 -2638 -2540 -2425 -2350 -2327 -2290 -2247 -2207 -2164 -2104 -2049 -1997 -1926 -1846 -1771 -1699 -1613 -1542 -1472 -1426 -1483 -1574 -1667 -1749 -1805 -1846 -1875 -1859 -1833 -1831
-2955 -2943 -2934 -2940 -3001 -3057 -3107 -3162 -3210 -3208 -3228 -3264 -3274 -3275 -3316 -3364 -3373 -3357 -3334 -3332 -3358 -3395 -3387 -3354 -3336 -3334 -3323 -3317 -3329 -3344 -3331 -3286 -3242 -3183 -3089 -3000 -2945 -2987 -3012 -2984 -2973 -2976 -2950 -2871 -2798 -2746 -2715 -2701 -2705 -2645 -2585 -2534 -2456 -2365 -2261 -2176 -2160 -2150 -2136 -2124 -2110 -2068 -2018 -1958 -1871 -1773 -1680 -1587 -1478 -1367 -1247 -1157 -1213 -1319 -1426 -1518 -1576 -1629 -1684 -1634 -1585 -1637
-3061 -3039 -3033 -3044 -3115 -3146 -3174 -3209 -3228 -3229 -3267 -3314 -3324 -3327 -3369 -3419 -3422 -3422 -3413 -3396 -3405 -3432 -3408 -3368 -3340 -3325 -3322 -3309 -3309 -3318 -3293 -3240 -3182 -3109 -2993 -2939 -2908 -2881 -2819 -2795 -2808 -2825 -2833 -2731 -2632 -2548 -2501 -2456 -2508 -2442 -2385 -2347 -2288 -2216 -2120 -2010 -2018 -2022 -2025 -2038 -2066 -2031 -1985 -1924 -1810 -1692 -1584 -1488 -1356 -1211 -1020 -832 -932 -1072 -1194 -1304 -1342 -1401 -1530 -1401 -1290 -1427
-3134 -3120 -3125 -3148 -3193 -3217 -3218 -3224 -3223 -3248 -3290 -3334 -3359 -3373 -3406 -3443 -3448 -3450 -3439 -3421 -3415 -3416 -3389 -3358 -3333 -3315 -3305 -3283 -3269 -3261 -3234 -3187 -3133 -3066 -2972 -2894 -2885 -2816 -2726 -2672 -2648 -2638 -2664 -2557 -2455 -2371 -2323 -2288 -2303 -2229 -2168 -2147 -2140 -2097 -2039 -1987 -1959 -1908 -1905 -1932 -1992 -1979 -1938 -1838 -1700 -1587 -1470 -1401 -1311 -1116 -869 -687 -745 -854 -953 -1056 -1069 -1092 -1179 -1131 -1083 -1131
-3206 -3195 -3202 -3230 -3260 -3253 -3244 -3238 -3214 -3260 -3308 -3357 -3390 -3402 -3430 -3471 -3465 -3469 -3454 -3425 -3410 -3402 -3368 -3342 -3319 -3318 -3289 -3242 -3216 -3206 -3178 -3136 -3095 -3050 -2983 -2929 -2846 -2755 -2622 -2539 -2485 -2450 -2437 -2343 -2249 -2172 -2139 -2107 -2168 -2139 -1969 -1950 -2008 -1982 -1952 -1947 -1879 -1760 -1756 -1790 -1921 -1901 -1877 -1734 -1545 -1457 -1309 -1298 -1291 -1031 -693 -447 -536 -604 -677 -743 -773 -802 -883 -851 -824 -833
-3237 -3240 -3250 -3270 -3282 -3270 -3256 -3243 -3231 -3280 -3321 -3361 -3391 -3403 -3422 -3447 -3444 -3440 -3425 -3403 -3387 -3375 -3357 -3322 -3286 -3265 -3217 -3168 -3138 -3124 -3107 -3078 -3055 -3039 -3015 -2927 -2778 -2655 -2503 -2388 -2305 -2242 -2188 -2108 -2027 -1962 -1928 -1918 -1951 -1920 -1860 -1794 -1809 -1819 -1793 -1796 -1709 -1605 -1575 -1596 -1659 -1626 -1570 -1464 -1308 -1198 -1091 -1040 -979 -767 -524 -342 -314 -343 -401 -441 -482 -504 -530 -542 -531 -514
-3271 -3272 -3281 -3302 -3305 -3282 -3263 -3245 -3216 -3300 -3326 -3361 -3390 -3388 -3400 -3423 -3409 -3404 -3390 -3370 -3357 -3346 -3343 -3274 -3226 -3202 -3125 -3066 -3037 -3031 -3030 -3007 -2998 -3004 -3007 -2800 -2643 -2545 -2358 -2221 -2119 -2038 -1964 -1884 -1807 -1741 -1707 -1701 -1743 -1667 -1599 -1547 -1572 -1558 -1548 -1559 -1506 -1422 -1387 -1397 -1446 -1361 -1283 -1216 -1054 -953 -864 -794 -737 -531 -365 -228 -146 -146 -191 -180 -232 -232 -214 -273 -276 -224
-3278 -3283 -3290 -3301 -3299 -3281 -3263 -3243 -3216 -3268 -3300 -3329 -3347 -3346 -3348 -3355 -3344 -3336 -3333 -3325 -3321 -3313 -3276 -3191 -3114 -3056 -2980 -2928 -2907 -2910 -2921 -2903 -2895 -2872 -2663 -2500 -2378 -2275 -2130 -2001 -1894 -1801 -1718 -1639 -1564 -1496 -1449 -1416 -1397 -1337 -1271 -1217 -1214 -1212 -1204 -1191 -1161 -1125 -1100 -1084 -1070 -990 -886 -779 -680 -643 -568 -466 -356 -207 -135 -119 -130 -120 -81 -52 -77 -80 -64 -103 -114 -100
-3287 -3285 -3288 -3298 -3294 -3277 -3263 -3257 -3252 -3256 -3272 -3295 -3305 -3293 -3286 -3285 -3270 -3261 -3272 -3272 -3276 -3274 -3215 -3082 -2974 -2895 -2803 -2757 -2747 -2767 -2801 -2759 -2723 -2585 -2219 -2144 -2074 -1999 -1873 -1756 -1653 -1557 -1468 -1392 -1315 -1240 -1179 -1118 -1059 -1003 -931 -854 -849 -864 -857 -825 -810 -817 -804 -767 -725 -635 -494 -351 -295 -363 -304 -182 -118 -89 -95 -108 -99 17 21 -2 -3 -2 -2 -5 -11 -18
-3273 -3274 -3273 -3273 -3274 -3262 -3249 -3238 -3213 -3220 -3230 -3243 -3241 -3226 -3213 -3202 -3188 -3183 -3205 -3202 -3202 -3160 -3058 -2918 -2791 -2684 -2592 -2551 -2548 -2571 -2591 -2543 -2484 -2276 -1980 -1855 -1771 -1687 -1592 -1498 -1403 -1310 -1224 -1150 -1073 -992 -918 -837 -756 -695 -616 -533 -528 -553 -548 -513 -512 -543 -543 -502 -449 -354 -186 -120 -126 -125 -105 -82 -94 -81 -79 -77 -73 29 99 86 21 48 59 77 12 -13
-3263 -3260 -3255 -3247 -3258 -3244 -3232 -3230 -3211 -3187 -3181 -3191 -3176 -3152 -3133 -3118 -3098 -3086 -3132 -3096 -3061 -3032 -2891 -2725 -2580 -2453 -2338 -2311 -2317 -2349 -2374 -2269 -2128 -1961 -1661 -1556 -1476 -1384 -1313 -1240 -1155 -1063 -979 -912 -838 -750 -673 -572 -468 -419 -330 -211 -229 -287 -288 -228 -237 -319 -333 -283 -247 -209 -128 -64 1 -63 -92 -94 -86 -73 -63 -55 -37 7 182 337 234 215 108 28 12 7
-3245 -3247 -3244 -3240 -3239 -3216 -3195 -3185 -3175 -3126 -3105 -3102 -3088 -3064 -3047 -3035 -3006 -2981 -2970 -2913 -2854 -2790 -2657 -2496 -2348 -2209 -2078 -2046 -2049 -2058 -2028 -1936 -1715 -1551 -1345 -1274 -1208 -1131 -1064 -1000 -921 -833 -754 -692 -624 -543 -468 -377 -286 -224 -141 -85 -95 -124 -138 -126 -150 -206 -217 -187 -160 -139 5 10 10 6 2 1 -42 -34 -19 6 28 104 314 299 143 98 108 28 23 22
-3233 -3237 -3236 -3234 -3228 -3182 -3136 -3101 -3051 -3013 -3001 -3005 -2993 -2964 -2951 -2949 -2902 -2852 -2812 -2708 -2623 -2553 -2413 -2243 -2102 -1957 -1771 -1758 -1768 -1762 -1653 -1488 -1255 -1187 -1074 -1024 -965 -887 -830 -777 -702 -612 -531 -488 -429 -352 -290 -209 -126 -83 -6 -9 -13 -19 -41 -48 -85 1 7 1 -88 9 20 19 18 14 10 4 4 4 6 22 103 175 287 291 144 71 43 43 109 153
-3228 -3231 -3228 -3220 -3198 -3134 -3051 -2961 -2879 -2865 -2872 -2875 -2860 -2835 -2822 -2808 -2758 -2647 -2553 -2449 -2347 -2235 -2085 -1942 -1844 -1701 -1546 -1479 -1471 -1464 -1258 -1123 -994 -926 -858 -811 -758 -695 -639 -582 -512 -432 -363 -316 -264 -204 -152 1 5 4 2 1 -11 -10 -17 -27 -45 -64 31 50 8 13 72 31 25 23 17 14 10 10 20 28 34 53 124 255 166 81 133 68 182 255
-3230 -3228 -3225 -3217 -3194 -3101 -2968 -2799 -2594 -2693 -2743 -2749 -2724 -2686 -2675 -2649 -2548 -2393 -2275 -2174 -2070 -1929 -1750 -1613 -1594 -1438 -1256 -1124 -1066 -979 -780 -770 -737 -689 -645 -612 -570 -509 -460 -406 -334 -257 -195 -155 2 7 28 63 93 63 42 29 40 16 5 5 20 2 6 32 97 35 150 68 36 81 101 46 119 95 80 84 139 107 152 295 194 255 250 111 240 408
-3235 -3226 -3222 -3224 -3229 -3094 -2921 -2706 -2370 -2607 -2649 -2632 -2580 -2495 -2495 -2421 -2298 -2098 -1981 -1893 -1810 -1663 -1492 -1333 -1248 -1135 -882 -658 -691 -632 -512 -528 -520 -471 -437 -427 -401 -331 -293 -250 -165 -84 5 14 83 107 56 146 217 218 157 190 124 86 37 17 91 89 24 29 116 172 251 65 94 127 232 105 209 191 191 175 305 231 177 406 383 402 204 223 321 580
-3225 -3214 -3211 -3219 -3218 -3082 -2885 -2626 -2134 -2624 -2543 -2444 -2371 -2206 -2212 -2147 -1997 -1826 -1698 -1593 -1487 -1341 -1132 -989 -880 -721 -650 -546 -509 -453 -393 -387 -368 -322 -286 -268 -237 3 1 9 23 20 39 101 305 180 166 128 206 349 377 301 239 95 53 41 114 71 56 64 71 205 307 103 179 216 294 211 365 306 258 314 443 400 292 536 594 398 251 399 459 681
-3209 -3187 -3181 -3198 -3236 -3059 -2847 -2669 -1675 -2027 -2171 -2193 -2016 -1945 -1909 -1836 -1684 -1523 -1399 -1284 -1174 -1040 -738 -648 -610 -557 -542 -471 -382 -313 -277 -278 -252 -186 -139 -114 13 41 32 45 71 71 115 159 391 303 340 185 198 278 448 483 303 148 102 93 181 89 149 150 114 237 314 128 288 469 517 412 552 501 513 523 650 454 426 675 534 447 343 499 705 672
-3132 -3119 -3109 -3110 -3013 -2796 -2524 -2181 -1588 -1718 -1851 -1846 -1781 -1712 -1628 -1520 -1365 -1205 -1075 -958 -849 -711 -445 -373 -389 1 2 3 6 4 4 7 5 15 14 13 51 95 120 154 152 247 245 238 378 511 385 255 260 349 495 363 251 195 177 162 222 141 165 210 201 258 241 132 358 623 678 691 771 767 779 723 710 601 714 853 694 556 470 684 801 690
-3060 -2997 -2980 -3007 -2794 -2517 -2208 -1830 -1345 -1517 -1668 -1645 -1670 -1508 -1362 -1229 -1043 -862 -739 -631 -537 -462 11 47 26 28 20 26 45 57 64 67 116 101 93 130 156 176 225 311 254 405 377 322 436 640 482 425 335 439 599 455 373 291 255 358 360 226 285 330 381 443 293 139 316 537 709 696 773 725 772 735 782 836 895 948 904 677 776 882 819 790
