env/gebco30sec.asc
ncols        300
nrows        300
xllcorner    125.000000000000
yllcorner    -10.500000000000
cellsize     0.008333333333
NODATA_value -32768
[rows 0 to 36 of 300, columns 0 to 81 of 300]
-4372 -4296 -4215 -4128 -3995 -3836 -3658 -3587 -3606 -3623 -3628 -3631 -3648 -3678 -3716 -3762 -3819 -3881 -3942 -3984 -4020 -4054 -4082 -4098 -4112 -4122 -4124 -4125 -4133 -4142 -4163 -4183 -4198 -4215 -4245 -4292 -4342 -4387 -4430 -4490 -4560 -4545 -4472 -4411 -4359 -4302 -4247 -4210 -4122 -4186 -4299 -4397 -4483 -4508 -4520 -4542 -4535 -4602 -4660 -4704 -4742 -4752 -4768 -4784 -4791 -4793 -4797 -4807 -4798 -4744 -4702 -4670 -4545 -4221 -3750 -3304 -2819 -2278 -1805 -1609 -1394 -1122
-4298 -4202 -4111 -4024 -3885 -3753 -3632 -3558 -3586 -3578 -3560 -3551 -3563 -3594 -3637 -3688 -3751 -3824 -3897 -3930 -3959 -3991 -4017 -4033 -4048 -4060 -4060 -4070 -4078 -4106 -4166 -4201 -4223 -4240 -4265 -4311 -4355 -4382 -4381 -4443 -4533 -4520 -4408 -4353 -4331 -4291 -4268 -4236 -4204 -4298 -4387 -4484 -4566 -4568 -4561 -4572 -4581 -4630 -4676 -4722 -4724 -4741 -4756 -4767 -4774 -4770 -4769 -4775 -4747 -4650 -4583 -4552 -4432 -4075 -3713 -3423 -3016 -2492 -1504 -1366 -1199 -934
-4172 -4080 -3986 -3892 -3771 -3668 -3591 -3556 -3566 -3533 -3483 -3457 -3467 -3501 -3549 -3605 -3673 -3756 -3836 -3870 -3891 -3918 -3947 -3965 -3985 -4003 -4015 -4031 -4044 -4115 -4199 -4234 -4254 -4272 -4295 -4338 -4389 -4423 -4405 -4395 -4481 -4470 -4400 -4364 -4350 -4330 -4321 -4311 -4318 -4383 -4460 -4544 -4602 -4609 -4584 -4600 -4624 -4649 -4663 -4665 -4708 -4734 -4748 -4755 -4758 -4740 -4718 -4690 -4617 -4494 -4379 -4273 -4097 -3804 -3519 -3284 -3012 -2689 -1536 -1375 -1176 -919
-4046 -3944 -3849 -3762 -3637 -3556 -3512 -3513 -3536 -3478 -3377 -3330 -3348 -3395 -3451 -3507 -3580 -3678 -3789 -3808 -3813 -3840 -3878 -3895 -3921 -3953 -3975 -4015 -4061 -4139 -4263 -4276 -4285 -4301 -4314 -4360 -4438 -4509 -4471 -4456 -4473 -4460 -4398 -4386 -4389 -4378 -4384 -4387 -4403 -4455 -4518 -4585 -4633 -4634 -4618 -4631 -4667 -4678 -4680 -4699 -4730 -4742 -4748 -4752 -4754 -4708 -4662 -4614 -4493 -4312 -4142 -3988 -3772 -3480 -3229 -3047 -2819 -2666 -2295 -1672 -1262 -936
-3842 -3765 -3674 -3581 -3465 -3407 -3381 -3385 -3392 -3326 -3210 -3171 -3205 -3274 -3343 -3388 -3456 -3558 -3676 -3716 -3708 -3746 -3800 -3811 -3850 -3899 -3939 -3996 -4064 -4148 -4303 -4295 -4298 -4318 -4330 -4367 -4475 -4583 -4547 -4523 -4519 -4513 -4493 -4471 -4463 -4461 -4460 -4467 -4483 -4520 -4568 -4619 -4655 -4644 -4651 -4665 -4702 -4709 -4710 -4712 -4732 -4742 -4735 -4731 -4730 -4659 -4586 -4504 -4326 -4093 -3860 -3629 -3351 -3077 -2820 -2579 -2361 -2039 -1535 -1503 -1245 -984
-3588 -3517 -3442 -3368 -3289 -3236 -3208 -3199 -3178 -3113 -3014 -2995 -3050 -3129 -3197 -3249 -3314 -3397 -3487 -3539 -3570 -3619 -3673 -3712 -3764 -3826 -3885 -3947 -4015 -4090 -4209 -4251 -4281 -4317 -4352 -4404 -4488 -4566 -4575 -4569 -4570 -4578 -4579 -4550 -4533 -4530 -4527 -4534 -4549 -4576 -4613 -4655 -4690 -4701 -4694 -4700 -4713 -4710 -4712 -4707 -4725 -4720 -4714 -4707 -4681 -4591 -4490 -4365 -4133 -3857 -3560 -3251 -2923 -2656 -2406 -2174 -2030 -1825 -1570 -1336 -1204 -1028
-3323 -3252 -3191 -3144 -3086 -3038 -3014 -3007 -2982 -2933 -2867 -2817 -2897 -2997 -3060 -3100 -3155 -3221 -3302 -3355 -3409 -3477 -3543 -3598 -3665 -3746 -3821 -3887 -3964 -4045 -4149 -4202 -4252 -4309 -4361 -4422 -4498 -4572 -4598 -4603 -4610 -4634 -4661 -4607 -4584 -4588 -4581 -4589 -4601 -4620 -4649 -4689 -4726 -4721 -4716 -4724 -4724 -4709 -4705 -4720 -4731 -4721 -4703 -4694 -4663 -4517 -4395 -4266 -3958 -3631 -3265 -2886 -2479 -2238 -2003 -1768 -1788 -1698 -1520 -1364 -1247 -1110
-3016 -2962 -2914 -2877 -2839 -2808 -2795 -2795 -2790 -2776 -2765 -2774 -2829 -2916 -2950 -2965 -2990 -3030 -3094 -3158 -3230 -3310 -3390 -3464 -3546 -3638 -3726 -3809 -3913 -4041 -4095 -4147 -4210 -4281 -4352 -4423 -4499 -4567 -4602 -4614 -4618 -4621 -4613 -4598 -4594 -4602 -4608 -4621 -4634 -4649 -4672 -4701 -4724 -4722 -4717 -4722 -4706 -4699 -4712 -4734 -4750 -4733 -4717 -4693 -4630 -4397 -4244 -4067 -3765 -3407 -2981 -2553 -2160 -1890 -1693 -1580 -1702 -1729 -1531 -1405 -1313 -1205
-2704 -2659 -2622 -2598 -2576 -2558 -2558 -2577 -2599 -2616 -2657 -2736 -2848 -2888 -2856 -2826 -2813 -2820 -2879 -2951 -3037 -3135 -3232 -3316 -3411 -3520 -3617 -3702 -3810 -3941 -4006 -4073 -4154 -4247 -4336 -4418 -4500 -4576 -4616 -4627 -4623 -4603 -4555 -4572 -4591 -4607 -4625 -4646 -4659 -4670 -4687 -4709 -4729 -4718 -4709 -4705 -4677 -4680 -4721 -4748 -4775 -4725 -4681 -4650 -4553 -4254 -3999 -3737 -3399 -3059 -2712 -2326 -1864 -1570 -1388 -1274 -1452 -1610 -1437 -1383 -1374 -1332
-2375 -2342 -2315 -2294 -2284 -2283 -2297 -2328 -2373 -2425 -2507 -2629 -2761 -2790 -2737 -2690 -2623 -2590 -2641 -2727 -2828 -2938 -3048 -3148 -3254 -3365 -3464 -3556 -3655 -3758 -3869 -3975 -4084 -4198 -4308 -4407 -4500 -4582 -4628 -4647 -4642 -4607 -4529 -4563 -4594 -4614 -4638 -4660 -4674 -4681 -4691 -4705 -4720 -4709 -4696 -4687 -4672 -4688 -4717 -4734 -4737 -4650 -4562 -4473 -4304 -4015 -3725 -3432 -3092 -2756 -2434 -2127 -1885 -1548 -1314 -1187 -1165 -1346 -1301 -1312 -1401 -1369
-2043 -2022 -2000 -1980 -1980 -1994 -2019 -2059 -2127 -2197 -2306 -2470 -2653 -2605 -2564 -2536 -2397 -2306 -2377 -2490 -2610 -2734 -2861 -2971 -3085 -3206 -3305 -3400 -3498 -3598 -3736 -3871 -4008 -4147 -4282 -4397 -4508 -4607 -4661 -4687 -4692 -4670 -4571 -4593 -4615 -4627 -4655 -4677 -4689 -4690 -4692 -4698 -4717 -4696 -4678 -4676 -4683 -4695 -4690 -4703 -4700 -4545 -4409 -4296 -4076 -3747 -3434 -3142 -2780 -2441 -2130 -1843 -1552 -1307 -1159 -1037 -1000 -1083 -1092 -1152 -1357 -1407
-1726 -1707 -1688 -1672 -1675 -1695 -1726 -1769 -1836 -1918 -2028 -2166 -2295 -2297 -2283 -2261 -2116 -2034 -2117 -2252 -2389 -2522 -2657 -2780 -2902 -3023 -3131 -3237 -3349 -3472 -3614 -3767 -3927 -4090 -4247 -4385 -4518 -4638 -4715 -4742 -4760 -4771 -4688 -4660 -4658 -4666 -4681 -4697 -4704 -4696 -4691 -4696 -4701 -4673 -4645 -4653 -4671 -4646 -4617 -4631 -4545 -4366 -4186 -4007 -3749 -3421 -3091 -2768 -2418 -2093 -1788 -1498 -1228 -1022 -869 -755 -745 -800 -871 -971 -1127 -1251
-1409 -1397 -1379 -1357 -1362 -1391 -1422 -1459 -1526 -1610 -1711 -1831 -1956 -1960 -1958 -1950 -1765 -1680 -1838 -2021 -2177 -2312 -2458 -2588 -2715 -2842 -2955 -3069 -3190 -3327 -3483 -3657 -3841 -4031 -4218 -4373 -4531 -4688 -4789 -4793 -4805 -4828 -4754 -4707 -4693 -4701 -4706 -4719 -4725 -4700 -4690 -4693 -4695 -4646 -4604 -4628 -4663 -4540 -4478 -4510 -4391 -4156 -3936 -3731 -3432 -3076 -2728 -2390 -2030 -1727 -1433 -1138 -874 -704 -541 -403 -441 -501 -625 -781 -981 -1167
-1119 -1104 -1084 -1064 -1068 -1093 -1121 -1152 -1206 -1284 -1368 -1456 -1549 -1587 -1585 -1524 -1367 -1443 -1644 -1838 -1993 -2124 -2261 -2395 -2526 -2652 -2771 -2893 -3013 -3142 -3330 -3535 -3746 -3959 -4166 -4347 -4525 -4695 -4802 -4803 -4801 -4808 -4759 -4715 -4700 -4706 -4713 -4730 -4730 -4692 -4675 -4666 -4647 -4591 -4530 -4540 -4600 -4366 -4309 -4289 -4137 -3888 -3634 -3377 -3058 -2702 -2342 -1987 -1645 -1364 -1096 -827 -592 -419 -247 -145 -170 -199 -290 -547 -825 -1061
-832 -821 -797 -765 -769 -799 -823 -838 -878 -956 -1024 -1080 -1174 -1246 -1271 -1241 -1219 -1266 -1511 -1708 -1841 -1943 -2070 -2208 -2341 -2468 -2590 -2721 -2842 -2970 -3177 -3411 -3647 -3884 -4120 -4312 -4510 -4715 -4838 -4788 -4764 -4782 -4732 -4688 -4678 -4694 -4699 -4732 -4724 -4664 -4649 -4633 -4593 -4472 -4373 -4341 -4430 -4178 -4115 -4104 -3899 -3599 -3313 -3038 -2689 -2323 -1951 -1577 -1234 -1004 -775 -525 -314 -177 -2 -2 -2 -2 -2 -327 -692 -998
-578 -562 -532 -495 -495 -524 -544 -551 -582 -654 -708 -749 -851 -960 -1034 -1080 -1152 -1279 -1510 -1649 -1727 -1796 -1896 -2031 -2166 -2295 -2431 -2567 -2685 -2794 -3036 -3292 -3545 -3798 -4046 -4253 -4456 -4643 -4727 -4687 -4642 -4623 -4622 -4614 -4615 -4627 -4635 -4671 -4680 -4647 -4620 -4580 -4474 -4296 -4154 -4077 -4044 -3921 -3835 -3751 -3541 -3253 -2955 -2649 -2300 -1944 -1573 -1193 -871 -678 -504 -322 -183 -100 4 24 12 -2 -2 -278 -585 -833
-337 -325 -286 -225 -226 -271 -289 -276 -295 -387 -431 -427 -562 -722 -839 -930 -1065 -1232 -1467 -1596 -1618 -1643 -1716 -1865 -2004 -2130 -2286 -2442 -2578 -2709 -2929 -3187 -3445 -3708 -3979 -4183 -4393 -4597 -4644 -4561 -4487 -4439 -4500 -4523 -4538 -4552 -4562 -4597 -4641 -4615 -4573 -4512 -4336 -4063 -3869 -3773 -3776 -3641 -3528 -3428 -3197 -2897 -2593 -2279 -1922 -1587 -1220 -814 -483 -371 -269 -130 -52 9 81 145 63 -2 -6 -257 -532 -778
-153 -131 -93 2 8 7 1 1 2 3 31 8 -416 -557 -688 -813 -963 -1129 -1302 -1403 -1483 -1541 -1611 -1735 -1872 -2014 -2181 -2348 -2504 -2651 -2859 -3092 -3340 -3598 -3858 -4078 -4285 -4449 -4462 -4391 -4327 -4317 -4388 -4433 -4457 -4465 -4460 -4479 -4544 -4539 -4431 -4236 -3981 -3712 -3515 -3467 -3412 -3297 -3168 -3018 -2796 -2524 -2231 -1923 -1598 -1280 -950 -615 -341 -172 -122 -46 -2 61 193 255 95 -2 -58 -256 -488 -707
1 19 57 113 146 137 72 67 67 17 56 20 -276 -413 -550 -687 -848 -1018 -1182 -1289 -1379 -1446 -1485 -1605 -1743 -1891 -2084 -2271 -2454 -2627 -2788 -2991 -3223 -3480 -3750 -3973 -4189 -4369 -4309 -4205 -4126 -4150 -4295 -4363 -4392 -4374 -4349 -4387 -4458 -4384 -4183 -3933 -3599 -3324 -3145 -3115 -3063 -2954 -2813 -2642 -2419 -2163 -1883 -1585 -1281 -994 -703 -420 -215 -103 -50 -2 42 171 334 306 30 -2 -69 -244 -454 -669
92 180 252 289 314 327 271 193 159 46 43 16 -128 -280 -419 -552 -727 -909 -1095 -1195 -1290 -1370 -1330 -1476 -1615 -1751 -1992 -2197 -2409 -2625 -2690 -2862 -3083 -3341 -3650 -3851 -4072 -4289 -4149 -3993 -3868 -3928 -4243 -4325 -4293 -4271 -4242 -4258 -4327 -4140 -3912 -3667 -3233 -3032 -2947 -2834 -2764 -2638 -2484 -2304 -2072 -1826 -1556 -1263 -968 -725 -465 -200 -58 -23 4 56 153 315 329 233 38 1 -23 -212 -420 -627
204 308 383 405 463 411 399 328 236 105 80 47 11 -182 -312 -445 -611 -785 -957 -1082 -1190 -1277 -1308 -1409 -1525 -1667 -1890 -2100 -2313 -2504 -2537 -2697 -2908 -3149 -3435 -3657 -3858 -4003 -3934 -3784 -3660 -3865 -4104 -4145 -4122 -4102 -4092 -4111 -4039 -3832 -3595 -3346 -3055 -2860 -2716 -2590 -2480 -2341 -2173 -1977 -1752 -1516 -1260 -989 -724 -501 -277 -81 -2 -2 18 152 205 319 299 197 86 -2 -28 -202 -406 -612
275 474 482 594 616 489 398 354 245 153 142 50 14 -94 -211 -329 -494 -662 -838 -974 -1101 -1217 -1273 -1344 -1427 -1542 -1784 -1986 -2201 -2407 -2309 -2504 -2717 -2929 -3241 -3463 -3656 -3810 -3767 -3605 -3364 -3807 -4032 -3982 -3931 -3913 -3920 -3948 -3775 -3516 -3276 -3050 -2849 -2716 -2538 -2367 -2228 -2073 -1888 -1677 -1451 -1228 -988 -729 -485 -297 -94 -2 -2 8 115 216 260 293 248 55 20 -5 -2 -193 -412 -605
463 415 646 770 646 505 363 299 261 285 258 120 30 2 -124 -240 -389 -547 -716 -867 -1007 -1134 -1222 -1273 -1322 -1408 -1618 -1830 -2025 -2181 -2231 -2368 -2565 -2783 -3054 -3273 -3449 -3580 -3645 -3669 -3718 -3722 -3764 -3739 -3697 -3731 -3655 -3569 -3372 -3145 -2947 -2794 -2689 -2502 -2364 -2205 -2027 -1840 -1635 -1412 -1183 -969 -746 -520 -329 -152 -2 -2 14 111 210 210 257 293 281 18 -2 -2 -39 -244 -496 -767
508 611 812 887 715 544 539 447 367 290 206 126 107 26 -32 -138 -283 -432 -606 -767 -920 -1064 -1180 -1199 -1204 -1226 -1459 -1686 -1865 -1982 -2001 -2187 -2413 -2630 -2912 -3120 -3275 -3381 -3496 -3537 -3364 -3352 -3458 -3484 -3391 -3460 -3334 -3201 -2958 -2749 -2606 -2559 -2606 -2411 -2234 -2067 -1843 -1627 -1402 -1163 -923 -727 -521 -313 -196 -71 -2 6 96 253 316 273 286 284 219 24 -2 -6 -17 -281 -588 -924
759 932 993 1075 961 864 716 673 452 386 259 206 198 115 28 -51 -193 -342 -509 -674 -830 -970 -1078 -1130 -1158 -1203 -1395 -1604 -1762 -1851 -1892 -2045 -2316 -2564 -2822 -3017 -3157 -3241 -3235 -3072 -2822 -3046 -3250 -3329 -3181 -3101 -2944 -2761 -2542 -2356 -2315 -2345 -2391 -2250 -2074 -1892 -1658 -1426 -1190 -947 -712 -518 -328 -166 -91 -2 -2 83 267 415 442 306 229 126 -2 -2 -2 -3 -53 -338 -689 -1082
1303 1315 1409 1289 1183 1003 1060 809 581 450 450 391 294 235 148 25 -103 -253 -419 -593 -753 -894 -1009 -1087 -1133 -1168 -1366 -1587 -1737 -1799 -1806 -1997 -2294 -2537 -2795 -2963 -3086 -3159 -3054 -2759 -2738 -2917 -3093 -3023 -2873 -2749 -2557 -2358 -2183 -2119 -2131 -2164 -2275 -2089 -1900 -1728 -1468 -1229 -990 -741 -500 -324 -138 -2 -2 -2 47 170 325 551 447 173 136 25 -2 -5 -9 -2 -2 -379 -775 -1175
1591 1595 1672 1547 1338 1297 1114 860 702 658 626 501 464 389 257 108 7 -190 -359 -533 -695 -843 -973 -1081 -1174 -1272 -1444 -1664 -1824 -1910 -1942 -2069 -2392 -2633 -2827 -2940 -3021 -3051 -2676 -2324 -2628 -2870 -2853 -2683 -2493 -2321 -2171 -2048 -2010 -1968 -1989 -2052 -2017 -1851 -1668 -1483 -1254 -1033 -810 -582 -369 -185 -2 13 28 11 88 299 462 587 294 115 38 2 -12 -33 -56 -88 -176 -520 -916 -1336
1424 1498 1360 1407 1367 1335 1184 1080 945 903 756 666 737 559 351 212 37 -133 -306 -487 -655 -809 -959 -1096 -1229 -1373 -1576 -1811 -1993 -2121 -2151 -2349 -2624 -2795 -2919 -2931 -2932 -2882 -2447 -2451 -2652 -2595 -2505 -2303 -2086 -1872 -1776 -1695 -1771 -1760 -1777 -1805 -1759 -1593 -1421 -1246 -1033 -841 -641 -433 -249 -107 8 161 202 164 224 383 493 586 232 118 36 -2 -18 -45 -103 -175 -306 -666 -1061 -1469
1163 1151 1076 1112 1074 1183 1131 1295 1207 1108 945 849 831 642 448 269 71 -105 -280 -460 -631 -795 -960 -1115 -1283 -1481 -1718 -1943 -2196 -2453 -2525 -2633 -2825 -2961 -3010 -2917 -2891 -2892 -2625 -2548 -2518 -2284 -2079 -1909 -1703 -1467 -1442 -1430 -1495 -1497 -1505 -1461 -1411 -1301 -1161 -998 -820 -663 -493 -312 -159 -20 26 326 467 364 435 480 573 561 211 222 35 -2 -19 -52 -158 -286 -488 -835 -1225 -1642
947 912 852 785 818 886 825 1007 1104 1195 1053 879 790 634 466 270 82 -106 -274 -446 -616 -784 -952 -1120 -1304 -1520 -1761 -2002 -2299 -2639 -2753 -2789 -2870 -2915 -2946 -2859 -2832 -2790 -2524 -2117 -1961 -1851 -1703 -1573 -1422 -1265 -1203 -1198 -1201 -1197 -1175 -1140 -1102 -1033 -925 -786 -644 -512 -364 -204 -61 -2 52 330 592 450 513 586 601 616 295 310 19 -2 -27 -88 -224 -403 -654 -993 -1373 -1779
785 696 685 672 590 677 659 707 771 882 960 903 780 570 355 219 66 -112 -271 -439 -604 -770 -939 -1103 -1289 -1510 -1758 -1974 -2273 -2659 -2878 -2837 -2890 -2887 -2876 -2758 -2750 -2758 -2494 -2009 -1736 -1522 -1362 -1280 -1178 -1067 -1027 -994 -935 -933 -918 -860 -839 -808 -725 -598 -482 -383 -257 -102 5 63 214 401 648 557 623 691 718 618 383 177 34 -2 -24 -87 -266 -480 -767 -1120 -1497 -1892
657 596 609 535 469 569 496 598 669 630 794 760 676 518 342 185 32 -139 -283 -436 -591 -746 -904 -1060 -1227 -1413 -1614 -1818 -2064 -2340 -2540 -2637 -2817 -2754 -2623 -2489 -2519 -2398 -1881 -1673 -1482 -1288 -1134 -1052 -979 -915 -883 -834 -769 -762 -751 -706 -680 -653 -585 -483 -386 -302 -194 -63 79 264 414 636 680 553 600 703 810 882 310 181 25 -2 -27 -102 -312 -568 -882 -1237 -1604 -1976
543 521 496 422 382 384 368 432 531 477 603 593 501 332 230 99 6 -163 -292 -435 -578 -720 -864 -1002 -1141 -1285 -1437 -1604 -1790 -1987 -2148 -2215 -2284 -2479 -2236 -2071 -2198 -1978 -1591 -1422 -1266 -1075 -919 -866 -836 -785 -778 -720 -624 -662 -649 -585 -562 -551 -493 -393 -312 -254 -164 -44 50 311 575 731 705 491 537 685 824 921 255 211 18 -2 -24 -66 -348 -637 -982 -1347 -1706 -2057
521 477 433 369 326 313 308 321 349 379 403 346 274 227 107 23 -78 -184 -303 -435 -568 -696 -822 -942 -1048 -1141 -1234 -1367 -1493 -1604 -1730 -1827 -1980 -2120 -2015 -1877 -1796 -1589 -1314 -1217 -1125 -998 -883 -825 -803 -771 -765 -726 -644 -654 -630 -574 -540 -518 -465 -383 -313 -257 -181 -85 1 76 261 609 730 472 368 554 710 499 211 201 -2 -34 -81 -184 -465 -776 -1123 -1475 -1816 -2145
565 472 492 439 326 304 300 277 360 275 233 251 133 114 36 4 -101 -195 -307 -438 -564 -680 -791 -896 -973 -1013 -1030 -1152 -1225 -1234 -1282 -1538 -1743 -1884 -1759 -1648 -1490 -1296 -1008 -1056 -1046 -962 -874 -844 -816 -780 -804 -809 -760 -715 -661 -586 -544 -528 -478 -395 -333 -294 -228 -140 -78 -2 67 348 659 204 201 310 450 628 222 -2 -26 -115 -152 -262 -602 -925 -1278 -1619 -1942 -2246
651 512 533 515 449 335 262 299 398 222 243 114 70 52 31 7 -108 -205 -321 -452 -576 -688 -794 -884 -946 -973 -985 -1045 -1090 -1143 -1235 -1413 -1552 -1605 -1579 -1509 -1381 -1312 -1100 -1077 -1073 -1026 -945 -898 -869 -848 -871 -897 -842 -790 -733 -668 -623 -593 -545 -476 -419 -374 -313 -239 -178 -117 -47 68 39 56 52 164 276 409 -2 -79 -187 -305 -411 -568 -852 -1156 -1477 -1788 -2085 -2366
593 468 448 483 424 480 370 275 312 181 224 145 76 81 85 24 -108 -210 -335 -475 -602 -711 -819 -905 -962 -982 -972 -1011 -1045 -1114 -1225 -1367 -1461 -1481 -1521 -1471 -1395 -1321 -1106 -1110 -1135 -1079 -975 -945 -923 -901 -927 -946 -905 -872 -822 -758 -714 -688 -641 -572 -518 -480 -422 -345 -289 -248 -196 -144 -125 -90 4 40 72 123 -154 -245 -372 -530 -679 -846 -1114 -1397 -1692 -1972 -2243 -2503
